Вариант 1
 17   1  12
 0 0 0 1 0 0 0 0 1 0 0 0 1 0 1 1 0
 0 0 0 0 0 0 1 1 0 0 1 1 0 0 0 0 1
 0 0 0 0 0 0 0 0 0 0 0 0 1 0 0 0 0
 1 0 0 0 1 0 0 0 0 0 0 0 0 1 0 0 0
 0 0 0 1 0 0 0 0 0 0 1 0 0 0 0 0 0
 0 0 0 0 0 0 0 1 0 0 0 0 0 0 0 1 0
 0 1 0 0 0 0 0 0 0 0 0 0 0 0 0 0 1
 0 1 0 0 0 1 0 0 1 0 1 0 0 0 0 0 0
 1 0 0 0 0 0 0 1 0 0 0 0 0 0 0 0 1
 0 0 0 0 0 0 0 0 0 0 1 0 0 0 1 0 0
 0 1 0 0 1 0 0 1 0 1 0 0 0 0 0 0 0
 0 1 0 0 0 0 0 0 0 0 0 0 0 0 0 0 0
 1 0 1 0 0 0 0 0 0 0 0 0 0 0 0 0 0
 0 0 0 1 0 0 0 0 0 0 0 0 0 0 0 0 0
 1 0 0 0 0 0 0 0 0 1 0 0 0 0 0 0 0
 1 0 0 0 0 1 0 0 0 0 0 0 0 0 0 0 0
 0 1 0 0 0 0 1 0 1 0 0 0 0 0 0 0 0
Вариант 2
 17   2  14
 0 0 0 0 0 0 0 1 0 0 0 1 0 0 0 0 0
 0 0 0 0 0 0 0 0 0 0 0 0 0 0 0 1 0
 0 0 0 0 0 0 0 0 0 1 0 0 1 0 1 1 0
 0 0 0 0 1 0 0 0 0 0 0 0 0 0 0 1 0
 0 0 0 1 0 0 0 0 0 0 0 0 1 0 0 0 0
 0 0 0 0 0 0 0 1 0 0 0 0 0 0 0 0 0
 0 0 0 0 0 0 0 0 0 0 0 0 1 1 1 0 0
 1 0 0 0 0 1 0 0 0 0 0 0 0 0 0 0 1
 0 0 0 0 0 0 0 0 0 1 1 0 0 0 0 0 0
 0 0 1 0 0 0 0 0 1 0 0 0 0 0 0 0 1
 0 0 0 0 0 0 0 0 1 0 0 0 0 0 0 0 0
 1 0 0 0 0 0 0 0 0 0 0 0 0 1 0 0 0
 0 0 1 0 1 0 1 0 0 0 0 0 0 0 0 1 0
 0 0 0 0 0 0 1 0 0 0 0 1 0 0 1 0 0
 0 0 1 0 0 0 1 0 0 0 0 0 0 1 0 0 1
 0 1 1 1 0 0 0 0 0 0 0 0 1 0 0 0 0
 0 0 0 0 0 0 0 1 0 1 0 0 0 0 1 0 0
Вариант 3
 17   2  12
 0 0 0 1 0 0 0 0 0 1 0 0 1 1 1 0 0
 0 0 0 0 0 0 0 0 0 0 0 0 0 0 1 0 0
 0 0 0 0 0 0 0 0 0 0 0 0 0 0 1 0 0
 1 0 0 0 0 0 0 0 0 0 0 1 0 1 0 0 0
 0 0 0 0 0 0 0 1 1 0 0 1 0 0 0 0 1
 0 0 0 0 0 0 0 0 0 0 0 1 1 0 0 0 0
 0 0 0 0 0 0 0 0 0 0 0 0 1 0 0 0 0
 0 0 0 0 1 0 0 0 1 0 1 0 0 1 0 0 0
 0 0 0 0 1 0 0 1 0 0 1 0 1 0 1 0 1
 1 0 0 0 0 0 0 0 0 0 0 0 0 1 0 0 0
 0 0 0 0 0 0 0 1 1 0 0 1 0 0 0 0 0
 0 0 0 1 1 1 0 0 0 0 1 0 0 0 0 0 0
 1 0 0 0 0 1 1 0 1 0 0 0 0 1 0 0 0
 1 0 0 1 0 0 0 1 0 1 0 0 1 0 1 1 0
 1 1 1 0 0 0 0 0 1 0 0 0 0 1 0 1 0
 0 0 0 0 0 0 0 0 0 0 0 0 0 1 1 0 1
 0 0 0 0 1 0 0 0 1 0 0 0 0 0 0 1 0
Вариант 4
 17   1  10
 0 0 0 0 0 0 0 1 0 0 1 0 0 1 0 0 0
 0 0 0 0 0 0 0 1 0 0 0 0 0 0 0 0 0
 0 0 0 1 1 1 0 1 0 0 0 0 0 0 0 0 0
 0 0 1 0 0 0 0 0 0 0 0 1 0 0 1 0 0
 0 0 1 0 0 0 0 0 0 0 0 0 0 0 0 0 0
 0 0 1 0 0 0 0 0 0 1 0 0 0 0 0 0 0
 0 0 0 0 0 0 0 0 0 0 0 0 0 0 0 1 0
 1 1 1 0 0 0 0 0 0 0 0 0 0 0 0 0 0
 0 0 0 0 0 0 0 0 0 1 0 0 0 1 0 0 0
 0 0 0 0 0 1 0 0 1 0 0 0 0 0 0 0 0
 1 0 0 0 0 0 0 0 0 0 0 0 1 0 1 1 0
 0 0 0 1 0 0 0 0 0 0 0 0 0 0 0 0 1
 0 0 0 0 0 0 0 0 0 0 1 0 0 0 0 0 0
 1 0 0 0 0 0 0 0 1 0 0 0 0 0 0 0 0
 0 0 0 1 0 0 0 0 0 0 1 0 0 0 0 0 0
 0 0 0 0 0 0 1 0 0 0 1 0 0 0 0 0 0
 0 0 0 0 0 0 0 0 0 0 0 1 0 0 0 0 0
Вариант 5
 17   6  12
 0 0 0 1 0 1 0 0 0 1 0 0 0 0 0 0 0
 0 0 0 0 0 0 1 0 0 0 0 0 0 0 0 0 0
 0 0 0 0 0 1 0 0 0 0 0 0 0 0 0 1 1
 1 0 0 0 0 0 0 0 0 0 0 0 0 0 0 0 0
 0 0 0 0 0 0 1 0 1 1 0 0 1 0 0 0 0
 1 0 1 0 0 0 0 1 0 0 0 0 0 0 0 0 1
 0 1 0 0 1 0 0 0 0 1 0 1 0 0 0 0 0
 0 0 0 0 0 1 0 0 0 1 0 0 0 0 0 0 0
 0 0 0 0 1 0 0 0 0 0 0 0 0 0 0 0 0
 1 0 0 0 1 0 1 1 0 0 1 0 0 0 0 0 1
 0 0 0 0 0 0 0 0 0 1 0 0 0 1 0 1 1
 0 0 0 0 0 0 1 0 0 0 0 0 0 0 0 0 1
 0 0 0 0 1 0 0 0 0 0 0 0 0 0 0 0 0
 0 0 0 0 0 0 0 0 0 0 1 0 0 0 1 1 0
 0 0 0 0 0 0 0 0 0 0 0 0 0 1 0 0 0
 0 0 1 0 0 0 0 0 0 0 1 0 0 1 0 0 0
 0 0 1 0 0 1 0 0 0 1 1 1 0 0 0 0 0
Вариант 6
 17   8  16
 0 0 0 0 0 0 0 1 0 0 0 0 0 0 0 0 0
 0 0 0 0 0 0 1 0 0 1 0 1 0 0 0 0 0
 0 0 0 0 0 0 0 0 0 0 0 1 0 0 0 1 0
 0 0 0 0 0 0 1 0 0 0 0 0 0 1 0 0 0
 0 0 0 0 0 0 0 0 0 1 1 0 0 0 0 1 0
 0 0 0 0 0 0 0 0 0 0 0 1 0 0 0 0 1
 0 1 0 1 0 0 0 0 0 0 0 0 1 1 0 0 0
 1 0 0 0 0 0 0 0 1 0 1 0 1 0 0 0 0
 0 0 0 0 0 0 0 1 0 0 0 0 0 0 0 0 1
 0 1 0 0 1 0 0 0 0 0 0 0 0 0 0 0 0
 0 0 0 0 1 0 0 1 0 0 0 0 0 1 0 0 0
 0 1 1 0 0 1 0 0 0 0 0 0 0 0 0 0 0
 0 0 0 0 0 0 1 1 0 0 0 0 0 0 0 0 1
 0 0 0 1 0 0 1 0 0 0 1 0 0 0 0 1 0
 0 0 0 0 0 0 0 0 0 0 0 0 0 0 0 1 0
 0 0 1 0 1 0 0 0 0 0 0 0 0 1 1 0 0
 0 0 0 0 0 1 0 0 1 0 0 0 1 0 0 0 0
Вариант 7
 17   2  11
 0 0 1 0 0 0 0 0 0 0 0 0 0 0 0 0 1
 0 0 1 0 0 0 0 0 0 0 0 0 0 0 1 0 0
 1 1 0 0 0 1 0 0 0 1 0 0 0 0 0 0 0
 0 0 0 0 0 0 0 1 1 0 0 0 1 0 1 0 0
 0 0 0 0 0 0 1 0 0 0 1 0 0 0 1 0 0
 0 0 1 0 0 0 0 0 0 0 0 0 1 0 1 0 0
 0 0 0 0 1 0 0 0 0 0 0 0 0 0 0 0 0
 0 0 0 1 0 0 0 0 0 1 0 0 0 0 0 0 0
 0 0 0 1 0 0 0 0 0 0 1 0 0 0 0 0 0
 0 0 1 0 0 0 0 1 0 0 0 0 0 0 0 0 0
 0 0 0 0 1 0 0 0 1 0 0 0 0 0 0 0 0
 0 0 0 0 0 0 0 0 0 0 0 0 0 1 0 0 0
 0 0 0 1 0 1 0 0 0 0 0 0 0 0 0 1 0
 0 0 0 0 0 0 0 0 0 0 0 1 0 0 0 1 1
 0 1 0 1 1 1 0 0 0 0 0 0 0 0 0 0 0
 0 0 0 0 0 0 0 0 0 0 0 0 1 1 0 0 0
 1 0 0 0 0 0 0 0 0 0 0 0 0 1 0 0 0
Вариант 8
 17   4  17
 0 0 1 0 1 0 1 0 0 0 0 0 0 0 0 0 0
 0 0 0 0 0 1 0 0 1 0 1 1 0 0 0 0 0
 1 0 0 0 0 0 0 1 0 0 0 0 0 0 1 0 0
 0 0 0 0 0 0 0 0 0 1 0 0 0 0 0 1 0
 1 0 0 0 0 0 1 0 1 0 0 1 0 1 1 0 0
 0 1 0 0 0 0 0 0 0 0 1 0 0 0 0 0 0
 1 0 0 0 1 0 0 0 0 0 1 0 0 0 0 0 0
 0 0 1 0 0 0 0 0 0 0 0 0 0 1 0 0 0
 0 1 0 0 1 0 0 0 0 0 1 0 0 0 0 0 0
 0 0 0 1 0 0 0 0 0 0 0 0 1 0 1 0 0
 0 1 0 0 0 1 1 0 1 0 0 0 0 0 0 0 1
 0 1 0 0 1 0 0 0 0 0 0 0 0 0 0 1 0
 0 0 0 0 0 0 0 0 0 1 0 0 0 0 0 1 0
 0 0 0 0 1 0 0 1 0 0 0 0 0 0 0 0 0
 0 0 1 0 1 0 0 0 0 1 0 0 0 0 0 0 0
 0 0 0 1 0 0 0 0 0 0 0 1 1 0 0 0 0
 0 0 0 0 0 0 0 0 0 0 1 0 0 0 0 0 0
Вариант 9
 17   7  12
 0 0 0 0 0 0 0 0 1 0 0 0 0 0 0 0 0
 0 0 0 0 0 0 0 1 0 0 1 1 0 0 0 0 0
 0 0 0 0 0 0 0 0 0 1 0 0 0 1 1 0 0
 0 0 0 0 0 0 0 0 0 0 0 0 0 0 0 0 1
 0 0 0 0 0 0 1 0 0 0 0 0 0 0 0 1 0
 0 0 0 0 0 0 0 1 0 0 0 1 0 1 0 0 0
 0 0 0 0 1 0 0 0 1 0 0 0 0 0 0 0 0
 0 1 0 0 0 1 0 0 0 0 0 0 0 0 0 0 1
 1 0 0 0 0 0 1 0 0 0 0 0 1 0 0 0 0
 0 0 1 0 0 0 0 0 0 0 1 0 1 0 0 0 1
 0 1 0 0 0 0 0 0 0 1 0 0 1 1 0 0 0
 0 1 0 0 0 1 0 0 0 0 0 0 1 0 0 0 0
 0 0 0 0 0 0 0 0 1 1 1 1 0 0 1 0 0
 0 0 1 0 0 1 0 0 0 0 1 0 0 0 0 1 0
 0 0 1 0 0 0 0 0 0 0 0 0 1 0 0 0 0
 0 0 0 0 1 0 0 0 0 0 0 0 0 1 0 0 0
 0 0 0 1 0 0 0 1 0 1 0 0 0 0 0 0 0
Вариант 10
 17   2  10
 0 0 0 0 0 1 0 1 0 0 0 0 0 0 0 0 0
 0 0 0 0 1 0 1 0 0 0 0 0 1 0 0 0 0
 0 0 0 0 0 0 0 0 0 0 0 0 0 0 1 0 0
 0 0 0 0 0 0 0 0 0 0 0 1 0 0 0 0 0
 0 1 0 0 0 0 1 0 0 0 0 0 0 0 0 0 0
 1 0 0 0 0 0 0 0 0 0 0 0 1 0 1 0 0
 0 1 0 0 1 0 0 0 0 0 1 0 0 0 0 0 1
 1 0 0 0 0 0 0 0 0 1 0 1 0 0 0 1 1
 0 0 0 0 0 0 0 0 0 0 0 1 0 0 0 0 0
 0 0 0 0 0 0 0 1 0 0 0 0 0 0 0 0 0
 0 0 0 0 0 0 1 0 0 0 0 0 0 0 0 1 1
 0 0 0 1 0 0 0 1 1 0 0 0 0 0 1 0 0
 0 1 0 0 0 1 0 0 0 0 0 0 0 0 0 0 0
 0 0 0 0 0 0 0 0 0 0 0 0 0 0 1 0 0
 0 0 1 0 0 1 0 0 0 0 0 1 0 1 0 0 0
 0 0 0 0 0 0 0 1 0 0 1 0 0 0 0 0 0
 0 0 0 0 0 0 1 1 0 0 1 0 0 0 0 0 0
Вариант 11
 17   4  17
 0 1 0 0 0 0 0 0 0 0 0 0 0 0 0 0 0
 1 0 0 0 0 0 1 0 0 0 0 0 0 0 1 0 0
 0 0 0 0 1 0 1 0 0 0 0 0 0 0 0 1 0
 0 0 0 0 0 0 0 0 0 0 0 0 1 0 1 0 0
 0 0 1 0 0 0 0 0 0 0 0 0 0 0 1 0 0
 0 0 0 0 0 0 0 0 1 0 0 0 0 1 0 0 1
 0 1 1 0 0 0 0 0 0 0 0 0 0 0 0 0 0
 0 0 0 0 0 0 0 0 0 0 1 0 0 0 0 0 0
 0 0 0 0 0 1 0 0 0 1 1 1 1 0 0 0 0
 0 0 0 0 0 0 0 0 1 0 0 0 0 1 0 0 0
 0 0 0 0 0 0 0 1 1 0 0 1 0 1 1 0 0
 0 0 0 0 0 0 0 0 1 0 1 0 0 0 0 0 0
 0 0 0 1 0 0 0 0 1 0 0 0 0 0 0 0 0
 0 0 0 0 0 1 0 0 0 1 1 0 0 0 0 0 0
 0 1 0 1 1 0 0 0 0 0 1 0 0 0 0 0 0
 0 0 1 0 0 0 0 0 0 0 0 0 0 0 0 0 0
 0 0 0 0 0 1 0 0 0 0 0 0 0 0 0 0 0
Вариант 12
 17   3  17
 0 0 0 0 0 0 0 0 0 0 0 1 0 0 1 1 0
 0 0 0 0 0 1 0 0 0 0 0 0 0 0 0 0 0
 0 0 0 0 0 0 0 0 1 0 0 1 0 0 0 0 0
 0 0 0 0 0 0 1 1 0 0 0 0 1 0 1 0 0
 0 0 0 0 0 0 0 0 0 0 0 0 0 1 0 0 1
 0 1 0 0 0 0 0 0 0 0 1 0 0 0 1 0 0
 0 0 0 1 0 0 0 0 0 0 0 0 0 0 0 1 0
 0 0 0 1 0 0 0 0 0 1 0 0 0 0 1 0 0
 0 0 1 0 0 0 0 0 0 0 0 0 0 0 0 0 0
 0 0 0 0 0 0 0 1 0 0 0 0 0 1 0 0 0
 0 0 0 0 0 1 0 0 0 0 0 0 0 0 0 0 0
 1 0 1 0 0 0 0 0 0 0 0 0 0 0 0 0 0
 0 0 0 1 0 0 0 0 0 0 0 0 0 0 1 0 0
 0 0 0 0 1 0 0 0 0 1 0 0 0 0 0 1 0
 1 0 0 1 0 1 0 1 0 0 0 0 1 0 0 1 0
 1 0 0 0 0 0 1 0 0 0 0 0 0 1 1 0 0
 0 0 0 0 1 0 0 0 0 0 0 0 0 0 0 0 0
Вариант 13
 17   7  16
 0 0 0 0 0 0 0 0 0 1 0 0 0 0 0 1 1
 0 0 0 0 0 0 0 0 0 0 0 0 0 0 1 0 1
 0 0 0 0 0 1 0 0 1 0 1 1 0 0 1 0 0
 0 0 0 0 1 1 1 0 0 0 0 0 0 0 0 0 1
 0 0 0 1 0 1 1 0 0 0 0 1 0 0 0 0 0
 0 0 1 1 1 0 0 0 1 0 0 0 0 0 1 0 0
 0 0 0 1 1 0 0 0 0 0 0 1 1 1 0 0 0
 0 0 0 0 0 0 0 0 0 1 0 0 0 0 1 0 0
 0 0 1 0 0 1 0 0 0 0 0 0 0 0 0 0 0
 1 0 0 0 0 0 0 1 0 0 0 0 0 0 1 0 0
 0 0 1 0 0 0 0 0 0 0 0 0 0 0 0 0 0
 0 0 1 0 1 0 1 0 0 0 0 0 0 0 0 0 0
 0 0 0 0 0 0 1 0 0 0 0 0 0 0 0 0 0
 0 0 0 0 0 0 1 0 0 0 0 0 0 0 0 1 0
 0 1 1 0 0 1 0 1 0 1 0 0 0 0 0 0 0
 1 0 0 0 0 0 0 0 0 0 0 0 0 1 0 0 0
 1 1 0 1 0 0 0 0 0 0 0 0 0 0 0 0 0
Вариант 14
 17   8  15
 0 1 0 0 0 0 1 0 1 0 0 1 0 0 0 0 0
 1 0 0 0 0 0 1 0 0 0 0 0 0 1 0 0 0
 0 0 0 0 0 1 0 0 1 0 0 0 0 0 0 0 0
 0 0 0 0 0 0 0 0 1 1 0 0 0 0 0 0 0
 0 0 0 0 0 0 0 0 0 0 0 0 1 0 1 0 0
 0 0 1 0 0 0 0 1 0 0 0 0 0 0 0 0 0
 1 1 0 0 0 0 0 0 0 0 0 0 0 0 0 0 0
 0 0 0 0 0 1 0 0 0 0 1 0 0 0 0 0 0
 1 0 1 1 0 0 0 0 0 0 0 0 0 0 0 0 0
 0 0 0 1 0 0 0 0 0 0 1 0 0 0 0 0 0
 0 0 0 0 0 0 0 1 0 1 0 0 0 0 1 0 0
 1 0 0 0 0 0 0 0 0 0 0 0 0 0 0 0 1
 0 0 0 0 1 0 0 0 0 0 0 0 0 0 0 0 0
 0 1 0 0 0 0 0 0 0 0 0 0 0 0 1 0 0
 0 0 0 0 1 0 0 0 0 0 1 0 0 1 0 1 0
 0 0 0 0 0 0 0 0 0 0 0 0 0 0 1 0 0
 0 0 0 0 0 0 0 0 0 0 0 1 0 0 0 0 0
Вариант 15
 17   1  14
 0 0 0 1 1 0 0 1 0 0 0 0 0 1 0 0 0
 0 0 1 1 0 0 1 1 0 0 0 0 0 0 0 0 1
 0 1 0 0 0 0 0 0 1 1 0 0 1 0 0 0 0
 1 1 0 0 0 0 0 0 0 0 0 0 0 0 0 0 0
 1 0 0 0 0 1 0 0 0 0 0 0 1 0 0 1 0
 0 0 0 0 1 0 0 0 1 0 0 0 1 0 0 0 1
 0 1 0 0 0 0 0 0 0 0 0 0 1 0 0 0 1
 1 1 0 0 0 0 0 0 0 0 1 0 0 0 1 0 0
 0 0 1 0 0 1 0 0 0 1 1 1 0 1 0 0 0
 0 0 1 0 0 0 0 0 1 0 0 0 1 1 0 0 0
 0 0 0 0 0 0 0 1 1 0 0 0 0 1 0 0 0
 0 0 0 0 0 0 0 0 1 0 0 0 0 0 0 0 1
 0 0 1 0 1 1 1 0 0 1 0 0 0 0 0 0 1
 1 0 0 0 0 0 0 0 1 1 1 0 0 0 0 0 0
 0 0 0 0 0 0 0 1 0 0 0 0 0 0 0 0 0
 0 0 0 0 1 0 0 0 0 0 0 0 0 0 0 0 0
 0 1 0 0 0 1 1 0 0 0 0 1 1 0 0 0 0
Вариант 16
 17   1  10
 0 0 0 0 1 0 0 0 0 0 0 1 0 0 1 0 0
 0 0 0 1 0 0 0 0 1 0 1 0 0 0 0 0 0
 0 0 0 0 1 0 1 1 0 0 0 0 0 0 0 0 0
 0 1 0 0 0 0 0 0 0 0 1 0 0 0 0 0 0
 1 0 1 0 0 0 0 0 0 0 1 1 0 0 0 0 0
 0 0 0 0 0 0 1 0 1 0 0 0 0 0 0 1 1
 0 0 1 0 0 1 0 0 0 0 0 1 1 1 0 0 0
 0 0 1 0 0 0 0 0 0 0 0 0 0 0 0 0 0
 0 1 0 0 0 1 0 0 0 0 0 0 0 0 0 0 0
 0 0 0 0 0 0 0 0 0 0 0 1 0 0 0 0 0
 0 1 0 1 1 0 0 0 0 0 0 0 0 0 0 0 0
 1 0 0 0 1 0 1 0 0 1 0 0 0 1 1 0 0
 0 0 0 0 0 0 1 0 0 0 0 0 0 0 0 1 0
 0 0 0 0 0 0 1 0 0 0 0 1 0 0 0 0 0
 1 0 0 0 0 0 0 0 0 0 0 1 0 0 0 0 0
 0 0 0 0 0 1 0 0 0 0 0 0 1 0 0 0 0
 0 0 0 0 0 1 0 0 0 0 0 0 0 0 0 0 0
Вариант 17
 17   8  10
 0 1 0 0 0 0 0 0 0 1 0 0 0 0 0 0 0
 1 0 0 1 0 0 0 0 0 0 0 0 0 0 0 0 0
 0 0 0 0 0 0 0 1 0 0 0 0 0 0 1 0 0
 0 1 0 0 1 0 0 0 0 0 0 0 0 0 0 0 0
 0 0 0 1 0 0 1 0 0 1 0 0 0 0 0 0 0
 0 0 0 0 0 0 1 0 0 0 0 0 0 0 1 0 0
 0 0 0 0 1 1 0 0 0 0 0 0 0 0 0 1 1
 0 0 1 0 0 0 0 0 0 0 0 1 1 0 0 1 0
 0 0 0 0 0 0 0 0 0 0 0 0 1 0 0 0 0
 1 0 0 0 1 0 0 0 0 0 0 1 0 0 1 1 1
 0 0 0 0 0 0 0 0 0 0 0 0 0 0 0 0 1
 0 0 0 0 0 0 0 1 0 1 0 0 0 1 0 0 0
 0 0 0 0 0 0 0 1 1 0 0 0 0 0 0 0 0
 0 0 0 0 0 0 0 0 0 0 0 1 0 0 0 0 0
 0 0 1 0 0 1 0 0 0 1 0 0 0 0 0 0 0
 0 0 0 0 0 0 1 1 0 1 0 0 0 0 0 0 0
 0 0 0 0 0 0 1 0 0 1 1 0 0 0 0 0 0
Вариант 18
 17   1  15
 0 0 1 0 0 1 0 0 0 0 0 1 1 0 0 0 1
 0 0 1 0 0 0 0 0 0 0 0 0 1 0 0 0 0
 1 1 0 0 1 0 0 0 0 0 0 0 0 0 0 0 0
 0 0 0 0 0 0 0 0 1 1 0 0 0 0 0 0 0
 0 0 1 0 0 0 1 0 1 0 0 0 0 0 0 0 0
 1 0 0 0 0 0 0 0 0 1 1 1 0 0 0 0 1
 0 0 0 0 1 0 0 0 0 0 0 0 0 0 0 0 1
 0 0 0 0 0 0 0 0 0 0 1 0 0 0 0 0 0
 0 0 0 1 1 0 0 0 0 0 0 0 0 0 0 0 0
 0 0 0 1 0 1 0 0 0 0 0 0 0 0 0 0 0
 0 0 0 0 0 1 0 1 0 0 0 0 0 0 0 1 0
 1 0 0 0 0 1 0 0 0 0 0 0 0 1 0 0 0
 1 1 0 0 0 0 0 0 0 0 0 0 0 0 0 0 0
 0 0 0 0 0 0 0 0 0 0 0 1 0 0 0 0 0
 0 0 0 0 0 0 0 0 0 0 0 0 0 0 0 0 1
 0 0 0 0 0 0 0 0 0 0 1 0 0 0 0 0 0
 1 0 0 0 0 1 1 0 0 0 0 0 0 0 1 0 0
Вариант 19
 17   7  16
 0 0 0 0 0 0 0 0 0 1 0 1 0 0 0 0 0
 0 0 1 0 0 0 0 0 0 0 0 0 1 0 0 0 0
 0 1 0 0 0 1 0 0 0 0 0 0 0 0 0 0 0
 0 0 0 0 0 0 0 0 0 0 0 0 1 1 0 0 0
 0 0 0 0 0 0 0 0 0 1 0 0 0 0 0 1 0
 0 0 1 0 0 0 0 1 0 0 0 0 0 0 0 0 0
 0 0 0 0 0 0 0 0 0 1 0 0 0 0 0 0 0
 0 0 0 0 0 1 0 0 0 0 0 0 0 0 0 0 0
 0 0 0 0 0 0 0 0 0 1 0 0 0 0 0 0 0
 1 0 0 0 1 0 1 0 1 0 0 0 0 0 0 1 1
 0 0 0 0 0 0 0 0 0 0 0 0 0 1 0 1 0
 1 0 0 0 0 0 0 0 0 0 0 0 0 0 0 0 0
 0 1 0 1 0 0 0 0 0 0 0 0 0 0 0 0 1
 0 0 0 1 0 0 0 0 0 0 1 0 0 0 0 1 0
 0 0 0 0 0 0 0 0 0 0 0 0 0 0 0 1 0
 0 0 0 0 1 0 0 0 0 1 1 0 0 1 1 0 1
 0 0 0 0 0 0 0 0 0 1 0 0 1 0 0 1 0
Вариант 20
 17   5  16
 0 0 0 0 0 0 0 0 0 1 0 1 0 0 0 0 0
 0 0 1 0 0 0 0 0 0 0 0 0 0 0 0 0 1
 0 1 0 0 0 0 0 0 0 0 0 0 0 0 0 1 0
 0 0 0 0 0 0 1 0 1 1 0 1 0 1 0 0 0
 0 0 0 0 0 0 0 0 1 1 0 1 0 0 0 0 0
 0 0 0 0 0 0 0 0 0 0 0 0 0 0 0 0 1
 0 0 0 1 0 0 0 0 0 0 0 0 0 0 0 0 0
 0 0 0 0 0 0 0 0 0 1 0 0 0 0 0 0 0
 0 0 0 1 1 0 0 0 0 0 0 0 0 0 0 0 0
 1 0 0 1 1 0 0 1 0 0 0 0 0 0 0 0 0
 0 0 0 0 0 0 0 0 0 0 0 0 1 1 1 1 0
 1 0 0 1 1 0 0 0 0 0 0 0 1 0 0 0 0
 0 0 0 0 0 0 0 0 0 0 1 1 0 0 0 0 1
 0 0 0 1 0 0 0 0 0 0 1 0 0 0 0 1 0
 0 0 0 0 0 0 0 0 0 0 1 0 0 0 0 0 1
 0 0 1 0 0 0 0 0 0 0 1 0 0 1 0 0 0
 0 1 0 0 0 1 0 0 0 0 0 0 1 0 1 0 0
Вариант 21
 17   1  14
 0 0 0 0 0 1 0 1 0 0 0 0 0 0 0 0 0
 0 0 0 0 1 0 0 0 0 0 0 0 0 1 1 0 0
 0 0 0 0 0 1 1 0 0 0 1 0 0 0 0 0 0
 0 0 0 0 0 0 0 0 0 1 0 0 0 0 0 0 1
 0 1 0 0 0 0 1 1 0 0 0 0 0 1 0 0 0
 1 0 1 0 0 0 0 0 1 0 0 0 0 0 0 0 0
 0 0 1 0 1 0 0 0 0 0 0 0 0 0 0 0 0
 1 0 0 0 1 0 0 0 0 0 0 0 1 0 0 0 0
 0 0 0 0 0 1 0 0 0 0 0 0 0 0 0 0 0
 0 0 0 1 0 0 0 0 0 0 0 1 1 0 1 1 0
 0 0 1 0 0 0 0 0 0 0 0 1 1 0 0 0 0
 0 0 0 0 0 0 0 0 0 1 1 0 0 0 0 1 0
 0 0 0 0 0 0 0 1 0 1 1 0 0 0 0 0 0
 0 1 0 0 1 0 0 0 0 0 0 0 0 0 0 0 1
 0 1 0 0 0 0 0 0 0 1 0 0 0 0 0 0 0
 0 0 0 0 0 0 0 0 0 1 0 1 0 0 0 0 0
 0 0 0 1 0 0 0 0 0 0 0 0 0 1 0 0 0
Вариант 22
 17   7   9
 0 0 0 0 0 0 1 1 0 0 0 0 0 0 1 0 0
 0 0 0 0 0 0 1 0 0 0 0 0 0 1 0 1 0
 0 0 0 0 0 1 0 0 0 0 0 0 0 0 0 0 0
 0 0 0 0 0 1 0 0 0 0 0 0 1 0 0 0 1
 0 0 0 0 0 0 0 0 1 0 1 0 0 0 0 0 1
 0 0 1 1 0 0 0 0 0 0 1 0 0 0 0 0 0
 1 1 0 0 0 0 0 1 0 0 0 0 0 0 0 0 0
 1 0 0 0 0 0 1 0 0 0 0 0 0 0 0 0 0
 0 0 0 0 1 0 0 0 0 0 0 1 0 1 0 0 0
 0 0 0 0 0 0 0 0 0 0 1 0 1 0 0 0 0
 0 0 0 0 1 1 0 0 0 1 0 0 0 0 0 0 1
 0 0 0 0 0 0 0 0 1 0 0 0 0 0 0 0 0
 0 0 0 1 0 0 0 0 0 1 0 0 0 0 1 0 0
 0 1 0 0 0 0 0 0 1 0 0 0 0 0 1 0 0
 1 0 0 0 0 0 0 0 0 0 0 0 1 1 0 0 0
 0 1 0 0 0 0 0 0 0 0 0 0 0 0 0 0 0
 0 0 0 1 1 0 0 0 0 0 1 0 0 0 0 0 0
Вариант 23
 17   2  17
 0 1 1 0 1 0 0 0 0 0 0 0 0 0 0 0 1
 1 0 0 0 0 0 0 1 0 0 0 0 1 1 0 0 0
 1 0 0 0 0 0 0 0 0 1 1 0 0 0 0 0 0
 0 0 0 0 0 0 0 0 0 0 0 0 0 1 1 1 0
 1 0 0 0 0 0 0 0 0 0 0 0 0 0 0 0 1
 0 0 0 0 0 0 1 0 1 0 0 0 0 1 1 0 0
 0 0 0 0 0 1 0 0 0 0 0 0 0 0 0 0 1
 0 1 0 0 0 0 0 0 0 0 0 0 0 0 0 0 0
 0 0 0 0 0 1 0 0 0 1 0 1 0 0 0 0 0
 0 0 1 0 0 0 0 0 1 0 0 0 1 0 0 0 0
 0 0 1 0 0 0 0 0 0 0 0 0 0 1 0 0 0
 0 0 0 0 0 0 0 0 1 0 0 0 0 0 0 0 0
 0 1 0 0 0 0 0 0 0 1 0 0 0 1 0 0 0
 0 1 0 1 0 1 0 0 0 0 1 0 1 0 0 0 0
 0 0 0 1 0 1 0 0 0 0 0 0 0 0 0 0 0
 0 0 0 1 0 0 0 0 0 0 0 0 0 0 0 0 1
 1 0 0 0 1 0 1 0 0 0 0 0 0 0 0 1 0
Вариант 24
 17   2  11
 0 0 0 0 1 0 0 0 0 0 1 0 0 0 0 0 0
 0 0 0 0 0 0 0 1 1 0 0 1 0 0 0 0 0
 0 0 0 0 0 1 0 0 1 0 0 0 1 0 0 0 0
 0 0 0 0 1 1 0 0 0 0 0 0 0 0 0 0 0
 1 0 0 1 0 0 0 0 0 0 0 0 0 0 0 0 0
 0 0 1 1 0 0 1 0 0 0 1 0 0 0 0 1 0
 0 0 0 0 0 1 0 0 0 0 0 1 0 0 0 0 0
 0 1 0 0 0 0 0 0 0 1 0 0 0 0 1 0 0
 0 1 1 0 0 0 0 0 0 0 0 1 0 0 0 0 0
 0 0 0 0 0 0 0 1 0 0 0 0 0 1 0 0 0
 1 0 0 0 0 1 0 0 0 0 0 0 0 0 0 0 1
 0 1 0 0 0 0 1 0 1 0 0 0 0 0 0 1 1
 0 0 1 0 0 0 0 0 0 0 0 0 0 0 1 0 0
 0 0 0 0 0 0 0 0 0 1 0 0 0 0 0 0 0
 0 0 0 0 0 0 0 1 0 0 0 0 1 0 0 1 1
 0 0 0 0 0 1 0 0 0 0 0 1 0 0 1 0 0
 0 0 0 0 0 0 0 0 0 0 1 1 0 0 1 0 0
Вариант 25
 17   5  12
 0 0 0 0 0 0 0 1 0 1 0 0 0 0 0 0 0
 0 0 0 0 1 0 0 0 0 0 1 0 1 0 0 0 0
 0 0 0 1 0 0 0 0 0 0 0 0 0 0 0 1 0
 0 0 1 0 1 0 0 0 0 1 1 0 1 1 1 0 0
 0 1 0 1 0 1 0 0 1 0 0 0 0 0 1 0 0
 0 0 0 0 1 0 0 0 0 0 0 0 0 0 0 0 0
 0 0 0 0 0 0 0 0 0 1 0 1 0 0 0 1 0
 1 0 0 0 0 0 0 0 1 0 0 0 0 0 0 0 0
 0 0 0 0 1 0 0 1 0 0 0 0 0 0 1 0 0
 1 0 0 1 0 0 1 0 0 0 0 0 1 0 0 0 0
 0 1 0 1 0 0 0 0 0 0 0 0 0 0 0 0 0
 0 0 0 0 0 0 1 0 0 0 0 0 0 0 0 0 0
 0 1 0 1 0 0 0 0 0 1 0 0 0 0 0 1 0
 0 0 0 1 0 0 0 0 0 0 0 0 0 0 0 0 0
 0 0 0 1 1 0 0 0 1 0 0 0 0 0 0 0 0
 0 0 1 0 0 0 1 0 0 0 0 0 1 0 0 0 1
 0 0 0 0 0 0 0 0 0 0 0 0 0 0 0 1 0
Вариант 26
 17   5  15
 0 1 0 0 1 0 0 0 0 0 1 0 0 1 0 0 0
 1 0 0 0 0 0 0 0 0 0 0 0 1 0 0 0 0
 0 0 0 0 1 0 0 0 1 0 0 0 0 0 0 0 0
 0 0 0 0 0 0 0 0 0 0 0 0 0 0 1 0 1
 1 0 1 0 0 0 0 0 0 0 0 0 0 0 1 0 1
 0 0 0 0 0 0 0 1 0 0 0 0 0 0 0 1 0
 0 0 0 0 0 0 0 1 0 0 0 0 0 0 0 0 0
 0 0 0 0 0 1 1 0 0 1 0 0 0 0 0 1 0
 0 0 1 0 0 0 0 0 0 0 0 0 0 0 0 1 0
 0 0 0 0 0 0 0 1 0 0 0 0 0 0 1 0 0
 1 0 0 0 0 0 0 0 0 0 0 1 0 0 0 0 0
 0 0 0 0 0 0 0 0 0 0 1 0 0 0 1 0 0
 0 1 0 0 0 0 0 0 0 0 0 0 0 0 0 0 0
 1 0 0 0 0 0 0 0 0 0 0 0 0 0 0 0 0
 0 0 0 1 1 0 0 0 0 1 0 1 0 0 0 0 1
 0 0 0 0 0 1 0 1 1 0 0 0 0 0 0 0 0
 0 0 0 1 1 0 0 0 0 0 0 0 0 0 1 0 0
Вариант 27
 17   4  10
 0 0 0 1 0 0 0 0 1 0 0 0 0 0 0 0 0
 0 0 0 0 0 0 0 0 0 1 0 1 0 0 1 0 0
 0 0 0 0 0 0 0 0 0 0 0 0 0 0 0 0 1
 1 0 0 0 1 0 0 0 0 0 0 0 0 0 1 0 0
 0 0 0 1 0 0 0 0 0 0 0 0 0 0 1 0 0
 0 0 0 0 0 0 0 0 0 0 1 0 0 0 0 0 0
 0 0 0 0 0 0 0 0 1 0 0 0 0 0 0 1 1
 0 0 0 0 0 0 0 0 1 0 0 0 0 1 0 0 0
 1 0 0 0 0 0 1 1 0 0 0 0 1 0 0 0 1
 0 1 0 0 0 0 0 0 0 0 0 0 0 0 0 0 0
 0 0 0 0 0 1 0 0 0 0 0 1 0 0 0 0 0
 0 1 0 0 0 0 0 0 0 0 1 0 0 0 1 0 0
 0 0 0 0 0 0 0 0 1 0 0 0 0 1 1 0 0
 0 0 0 0 0 0 0 1 0 0 0 0 1 0 0 1 0
 0 1 0 1 1 0 0 0 0 0 0 1 1 0 0 0 0
 0 0 0 0 0 0 1 0 0 0 0 0 0 1 0 0 1
 0 0 1 0 0 0 1 0 1 0 0 0 0 0 0 1 0
Вариант 28
 17   6  17
 0 0 0 0 0 0 0 0 0 0 0 0 1 0 1 0 0
 0 0 0 0 0 0 1 0 0 0 0 0 0 0 0 1 0
 0 0 0 0 0 0 0 1 0 1 0 0 0 0 1 0 0
 0 0 0 0 1 0 0 0 1 0 0 0 1 0 0 0 0
 0 0 0 1 0 1 1 0 0 0 0 0 0 0 0 1 0
 0 0 0 0 1 0 1 0 0 0 0 0 0 1 0 0 0
 0 1 0 0 1 1 0 0 0 1 0 0 0 0 1 0 0
 0 0 1 0 0 0 0 0 0 1 0 0 0 0 1 0 0
 0 0 0 1 0 0 0 0 0 1 0 0 0 1 0 0 0
 0 0 1 0 0 0 1 1 1 0 0 0 0 0 0 0 0
 0 0 0 0 0 0 0 0 0 0 0 0 1 0 0 0 0
 0 0 0 0 0 0 0 0 0 0 0 0 1 1 0 0 0
 1 0 0 1 0 0 0 0 0 0 1 1 0 0 0 0 0
 0 0 0 0 0 1 0 0 1 0 0 1 0 0 0 0 0
 1 0 1 0 0 0 1 1 0 0 0 0 0 0 0 0 0
 0 1 0 0 1 0 0 0 0 0 0 0 0 0 0 0 1
 0 0 0 0 0 0 0 0 0 0 0 0 0 0 0 1 0
Вариант 29
 17   2  15
 0 0 1 0 0 0 0 1 0 0 0 1 0 0 1 0 0
 0 0 0 1 1 0 0 0 0 0 0 0 0 0 0 0 0
 1 0 0 0 0 0 0 0 1 0 0 0 0 1 0 0 0
 0 1 0 0 0 0 0 0 0 1 0 0 0 0 0 1 0
 0 1 0 0 0 0 0 0 0 0 0 0 1 0 0 0 1
 0 0 0 0 0 0 1 0 0 0 1 0 1 0 0 0 0
 0 0 0 0 0 1 0 0 0 0 0 1 0 0 0 0 1
 1 0 0 0 0 0 0 0 0 0 0 0 0 0 0 0 0
 0 0 1 0 0 0 0 0 0 0 0 0 1 0 0 0 0
 0 0 0 1 0 0 0 0 0 0 0 0 1 0 0 1 0
 0 0 0 0 0 1 0 0 0 0 0 0 0 0 0 0 0
 1 0 0 0 0 0 1 0 0 0 0 0 0 0 0 0 1
 0 0 0 0 1 1 0 0 1 1 0 0 0 0 0 0 0
 0 0 1 0 0 0 0 0 0 0 0 0 0 0 1 0 0
 1 0 0 0 0 0 0 0 0 0 0 0 0 1 0 0 0
 0 0 0 1 0 0 0 0 0 1 0 0 0 0 0 0 0
 0 0 0 0 1 0 1 0 0 0 0 1 0 0 0 0 0
Вариант 30
 17   2  13
 0 0 0 0 0 0 0 0 0 1 0 0 0 0 0 0 0
 0 0 0 0 0 0 0 0 0 0 1 0 0 0 0 0 1
 0 0 0 0 0 0 0 1 0 0 1 0 0 1 0 0 0
 0 0 0 0 0 0 0 0 0 0 0 0 0 1 0 0 0
 0 0 0 0 0 1 0 0 0 0 1 0 0 0 0 0 0
 0 0 0 0 1 0 0 0 0 0 0 0 1 0 0 0 0
 0 0 0 0 0 0 0 0 0 0 0 0 0 1 0 0 0
 0 0 1 0 0 0 0 0 0 1 0 1 0 0 0 0 0
 0 0 0 0 0 0 0 0 0 0 0 0 0 0 0 1 1
 1 0 0 0 0 0 0 1 0 0 1 0 1 0 1 0 0
 0 1 1 0 1 0 0 0 0 1 0 0 0 0 0 0 0
 0 0 0 0 0 0 0 1 0 0 0 0 0 1 0 0 0
 0 0 0 0 0 1 0 0 0 1 0 0 0 0 0 0 0
 0 0 1 1 0 0 1 0 0 0 0 1 0 0 0 1 0
 0 0 0 0 0 0 0 0 0 1 0 0 0 0 0 0 1
 0 0 0 0 0 0 0 0 1 0 0 0 0 1 0 0 0
 0 1 0 0 0 0 0 0 1 0 0 0 0 0 1 0 0
