Вариант 1
00010111011100101010111100
01010110011110001010101001
Вариант 2
00000100110000001110111010
00011001010110011001001101
Вариант 3
00101100100001000111111101
10000100010000101011101001
Вариант 4
11111110001110100001101110
00100001100100111110101010
Вариант 5
11000100001011111000000100
10100010000010011100101001
Вариант 6
01001011011010110000001010
10100010001011001111111100
Вариант 7
10110000111100001000111101
01100110100011111011111111
Вариант 8
00001001111101011001100001
01001000100110000111101101
Вариант 9
11011011010001011110111001
10010000111000011010011001
Вариант 10
00101100010001111011100000
01101101011110001011101110
Вариант 11
11101100100100111011011110
00110011010010011100110100
Вариант 12
10110011011010011111100101
00000111001111011011111111
Вариант 13
01001001001011101110111001
10100000100010001101010001
Вариант 14
11111111001101100101111010
10011110001100110010001010
Вариант 15
01101000001010100010110110
10001100001010110111000001
Вариант 16
01000111111000000111001011
00110000010000100101001010
Вариант 17
10011000010001101010000110
00010111110010011011001110
Вариант 18
01011010100100111000011000
11110111110000001100111011
Вариант 19
00010101001001111110011010
01101010110101001111101000
Вариант 20
01100010100010101010011001
01011100110111111000001000
Вариант 21
00111001001010001100111011
10011101000011111110110001
Вариант 22
00000010111110110101011001
01011111010100110010110010
Вариант 23
10000110010010010001110010
01101000111011101011010110
Вариант 24
01000111111101010110000101
10101100100101110100101011
Вариант 25
11101111101100110011100010
01001100010001111100110011
Вариант 26
11111111011111000111011101
11001110111101011001001011
Вариант 27
00000001001111000101110001
01010001110100000110001111
Вариант 28
11010010100110001000111001
01111011000100111011000110
Вариант 29
11111001111110001110010010
00101011011001001101100010
Вариант 30
10111101001011101101110101
10110001001101111000110010
