Вариант 1
 17   3  16
  0  0  0 52  0  0  0  0  0  0  0  0  0  0  0  0 60
  0  0  0  0  0  0  0  0  0 99  0  0  0 35  0 13  0
  0  0  0  0  0  0  0  0  0  0  0  0  0  0 84  0  0
 52  0  0  0  0 76  0  0  0 40  0 35  0 62  0  0  0
  0  0  0  0  0  0  0 95  0  0  0  0  0  0 23  0  0
  0  0  0 76  0  0  0  0 91  0  0  0  0  0 90  0  0
  0  0  0  0  0  0  0  0  0  0  0 46  0  0  0  0 29
  0  0  0  0 95  0  0  0  0  0  0  0 98  0  0  0 16
  0  0  0  0  0 91  0  0  0  0  0  0  0  0  0  0  0
  0 99  0 40  0  0  0  0  0  0  0  0  0  0  0  0  0
  0  0  0  0  0  0  0  0  0  0  0  0  0  0 71  0  0
  0  0  0 35  0  0 46  0  0  0  0  0  0  0  0  0  0
  0  0  0  0  0  0  0 98  0  0  0  0  0  0  0  0  0
  0 35  0 62  0  0  0  0  0  0  0  0  0  0  0  0  0
  0  0 84  0 23 90  0  0  0  0 71  0  0  0  0 85  0
  0 13  0  0  0  0  0  0  0  0  0  0  0  0 85  0  0
 60  0  0  0  0  0 29 16  0  0  0  0  0  0  0  0  0
Вариант 2
 17   7  14
  0  0  0  0  0  0  0  0  0  0  0  0  0  0  0  0 62
  0  0  0  0  0  0 58  0  0  0  0  0  0  0  0  0  0
  0  0  0  0  0 68  0 34  0  0  0  0  0  0 46  0 31
  0  0  0  0  0  0  0 58  0  0 75  0  0  0  0  0  0
  0  0  0  0  0  0  0 92  0  0 81  0 75  0  0 31  0
  0  0 68  0  0  0  0  0  0  0  0  0 72  0  0  0  0
  0 58  0  0  0  0  0  0  0 38  0 31  0 49  0 58  0
  0  0 34 58 92  0  0  0  0  0  0 47  0  0  0  0  0
  0  0  0  0  0  0  0  0  0  0  0 75  0  0  0  0  0
  0  0  0  0  0  0 38  0  0  0  0 31  0 59  0  0  0
  0  0  0 75 81  0  0  0  0  0  0  0  0  0 14  0  0
  0  0  0  0  0  0 31 47 75 31  0  0  0 23  0  0  0
  0  0  0  0 75 72  0  0  0  0  0  0  0  0  0  0  0
  0  0  0  0  0  0 49  0  0 59  0 23  0  0  0  0  0
  0  0 46  0  0  0  0  0  0  0 14  0  0  0  0  0  0
  0  0  0  0 31  0 58  0  0  0  0  0  0  0  0  0  0
 62  0 31  0  0  0  0  0  0  0  0  0  0  0  0  0  0
Вариант 3
 17   2  16
  0  0  0  0  0  0  0  0  0  0 71  0  0  0  0  0  0
  0  0  0 91  0 39  0  0  0  0  0  0  0  0 42  0  0
  0  0  0 94 15  0  0  0  0  0  0 62  0 98  0  0  0
  0 91 94  0  0  0  0  0  0  0 24 30  0  0  0  0 68
  0  0 15  0  0  0  0  0  0  0  0  0  0  0  0  0  0
  0 39  0  0  0  0  0  0  0  0 60 20  0  0  0  0  0
  0  0  0  0  0  0  0  0 61 74 77  0  0  0  0  0  0
  0  0  0  0  0  0  0  0  0  0  0  0 67  0  0  0  0
  0  0  0  0  0  0 61  0  0  0  0  0  0  0  0  0 33
  0  0  0  0  0  0 74  0  0  0  0  0  0  0  0 31  0
 71  0  0 24  0 60 77  0  0  0  0  0  0  0  0  0  0
  0  0 62 30  0 20  0  0  0  0  0  0 51  0  0  0  0
  0  0  0  0  0  0  0 67  0  0  0 51  0  0  0  0  0
  0  0 98  0  0  0  0  0  0  0  0  0  0  0  0  0  0
  0 42  0  0  0  0  0  0  0  0  0  0  0  0  0 20  0
  0  0  0  0  0  0  0  0  0 31  0  0  0  0 20  0 14
  0  0  0 68  0  0  0  0 33  0  0  0  0  0  0 14  0
Вариант 4
 17   7  10
  0  0  0  0 85  0  0  0 62  0 68  0  0  0 20 23  0
  0  0  0  0  0  0  0  0  0  0  0  0  0  0  0 88  0
  0  0  0  0  0  0  0  0  0  0 40  0  0  0 99  0  0
  0  0  0  0  0  0 74  0 22  0  0  0 74  0  0  0  0
 85  0  0  0  0  0 41 80  0  0  0  0  0  0  0  0  0
  0  0  0  0  0  0  0  0  0  0  0  0  0  0  0  0 75
  0  0  0 74 41  0  0  0 17 92  0 29  0  0  0  0  0
  0  0  0  0 80  0  0  0  0  0  0  0  0 54  0 51  0
 62  0  0 22  0  0 17  0  0  0  0  0  0  0  0 57  0
  0  0  0  0  0  0 92  0  0  0 14  0 20  0  0  0  0
 68  0 40  0  0  0  0  0  0 14  0  0 98  0  0  0 21
  0  0  0  0  0  0 29  0  0  0  0  0  0  0  0  0  0
  0  0  0 74  0  0  0  0  0 20 98  0  0  0  0  0 49
  0  0  0  0  0  0  0 54  0  0  0  0  0  0  0  0  0
 20  0 99  0  0  0  0  0  0  0  0  0  0  0  0  0  0
 23 88  0  0  0  0  0 51 57  0  0  0  0  0  0  0  0
  0  0  0  0  0 75  0  0  0  0 21  0 49  0  0  0  0
Вариант 5
 17   3   9
  0  0  0  0  0  0  0  0  0  0  0  0 40  0  0 44 61
  0  0  0  0  0 78  0  0  0  0  0 68  0  0  0  0  0
  0  0  0  0  0 87  0  0  0  0  0  0  0  0  0  0  0
  0  0  0  0  0  0 48  0 59  0  0  0  0  0 52  0  0
  0  0  0  0  0  0  0 13  0  0  0  0  0  0  0  0  0
  0 78 87  0  0  0  0 60  0  0 37  0  0 43  0  0  0
  0  0  0 48  0  0  0  0  0  0  0  0 53  0  0  0  0
  0  0  0  0 13 60  0  0  0  0  0 65  0  0  0  0  0
  0  0  0 59  0  0  0  0  0  0  0  0  0  0  0 60 59
  0  0  0  0  0  0  0  0  0  0  0  0  0  0 22 96  0
  0  0  0  0  0 37  0  0  0  0  0  0  0  0  0 37  0
  0 68  0  0  0  0  0 65  0  0  0  0  0  0  0  0  0
 40  0  0  0  0  0 53  0  0  0  0  0  0  0  0  0  0
  0  0  0  0  0 43  0  0  0  0  0  0  0  0  0  0  0
  0  0  0 52  0  0  0  0  0 22  0  0  0  0  0  0  0
 44  0  0  0  0  0  0  0 60 96 37  0  0  0  0  0  0
 61  0  0  0  0  0  0  0 59  0  0  0  0  0  0  0  0
Вариант 6
 17   2  16
  0  0  0  0  0  0  0  0  0  0  0  0  0  0 33  0  0
  0  0  0 47  0  0  0  0  0  0  0 10  0  0 73  0  0
  0  0  0  0  0  0  0  0  0 40  0  0 58  0 41  0  0
  0 47  0  0  0  0  0  0  0  0 49  0  0 75  0  0  0
  0  0  0  0  0 55  0  0  0  0  0  0  0  0  0  0  0
  0  0  0  0 55  0  0  0  0  0  0  0  0 75  0  0  0
  0  0  0  0  0  0  0  0  0 40  0  0 61  0  0  0 51
  0  0  0  0  0  0  0  0 22  0  0  0  0  0  0  0  0
  0  0  0  0  0  0  0 22  0  0  0  0  0  0  0  0 47
  0  0 40  0  0  0 40  0  0  0  0  0  0  0 90  0  0
  0  0  0 49  0  0  0  0  0  0  0  0  0  0  0  0  0
  0 10  0  0  0  0  0  0  0  0  0  0  0  0  0  0 16
  0  0 58  0  0  0 61  0  0  0  0  0  0  0  0 16  0
  0  0  0 75  0 75  0  0  0  0  0  0  0  0  0  0  0
 33 73 41  0  0  0  0  0  0 90  0  0  0  0  0  0  0
  0  0  0  0  0  0  0  0  0  0  0  0 16  0  0  0 97
  0  0  0  0  0  0 51  0 47  0  0 16  0  0  0 97  0
Вариант 7
 17   4  12
  0  0  0  0  0  0 20  0 11  0  0 83  0  0  0  0  0
  0  0  0  0  0  0  0  0 43  0 86  0 94  0  0  0  0
  0  0  0  0  0 92  0  0  0 48  0  0  0  0  0  0  0
  0  0  0  0  0  0  0  0  0  0 47  0  0  0  0  0  0
  0  0  0  0  0 75 87  0  0  0  0  0  0  0  0  0  0
  0  0 92  0 75  0  0  0  0  0  0  0  0  0  0 26  0
 20  0  0  0 87  0  0 68  0  0  0  0  0  0  0 53  0
  0  0  0  0  0  0 68  0  0  0  0  0 28  0  0  0  0
 11 43  0  0  0  0  0  0  0 58  0  0  0  0  0  0  0
  0  0 48  0  0  0  0  0 58  0  0  0  0  0  0  0 95
  0 86  0 47  0  0  0  0  0  0  0  0  0 40  0  0 69
 83  0  0  0  0  0  0  0  0  0  0  0  0  0  0  0  0
  0 94  0  0  0  0  0 28  0  0  0  0  0 78 91 71  0
  0  0  0  0  0  0  0  0  0  0 40  0 78  0  0  0  0
  0  0  0  0  0  0  0  0  0  0  0  0 91  0  0 65 50
  0  0  0  0  0 26 53  0  0  0  0  0 71  0 65  0  0
  0  0  0  0  0  0  0  0  0 95 69  0  0  0 50  0  0
Вариант 8
 17   3   9
  0  0 70  0  0  0  0  0  0  0  0  0  0  0  0  0  0
  0  0  0  0  0  0  0  0  0  0  0  0 84  0  0  0  0
 70  0  0  0  0  0  0  0 78  0  0  0  0  0 39  0  0
  0  0  0  0  0  0 74 40  0 87  0  0  0  0  0  0  0
  0  0  0  0  0  0  0  0  0  0  0  0  0  0  0 81  0
  0  0  0  0  0  0 49 62  0 70  0  0  0  0  0  0  0
  0  0  0 74  0 49  0  0  0 11  0  0 79  0  0  0  0
  0  0  0 40  0 62  0  0 61 26  0  0  0 71  0  0  0
  0  0 78  0  0  0  0 61  0  0  0  0  0  0  0  0  0
  0  0  0 87  0 70 11 26  0  0  0  0  0  0  0  0  0
  0  0  0  0  0  0  0  0  0  0  0  0  0  0  0  0 21
  0  0  0  0  0  0  0  0  0  0  0  0 53  0  0 36 81
  0 84  0  0  0  0 79  0  0  0  0 53  0  0  0  0  0
  0  0  0  0  0  0  0 71  0  0  0  0  0  0 80  0  0
  0  0 39  0  0  0  0  0  0  0  0  0  0 80  0 68  0
  0  0  0  0 81  0  0  0  0  0  0 36  0  0 68  0  0
  0  0  0  0  0  0  0  0  0  0 21 81  0  0  0  0  0
Вариант 9
 17   2   9
  0  0  0  0  0  0  0  0  0  0 73  0  0  0 75  0  0
  0  0 97  0  0  0  0  0  0 30  0  0  0  0  0  0  0
  0 97  0  0  0  0  0  0  0  0  0 33 92  0 57  0  0
  0  0  0  0  0  0 13 76  0 31  0  0  0  0  0  0  0
  0  0  0  0  0  0  0  0  0 74  0  0  0  0 70  0  0
  0  0  0  0  0  0  0  0  0 22 46  0  0 99  0  0  0
  0  0  0 13  0  0  0  0 49  0  0  0  0 57  0  0  0
  0  0  0 76  0  0  0  0  0  0 26  0  0  0  0 39  0
  0  0  0  0  0  0 49  0  0 35 35  0  0  0  0  0  0
  0 30  0 31 74 22  0  0 35  0  0  0  0  0  0  0  0
 73  0  0  0  0 46  0 26 35  0  0  0  0  0  0 94  0
  0  0 33  0  0  0  0  0  0  0  0  0  0  0 93  0  0
  0  0 92  0  0  0  0  0  0  0  0  0  0 47  0  0  0
  0  0  0  0  0 99 57  0  0  0  0  0 47  0  0 25  0
 75  0 57  0 70  0  0  0  0  0  0 93  0  0  0 40  0
  0  0  0  0  0  0  0 39  0  0 94  0  0 25 40  0 64
  0  0  0  0  0  0  0  0  0  0  0  0  0  0  0 64  0
Вариант 10
 17   3   9
  0  0  0  0  0  0  0  0  0 94  0  0  0 92  0  0  0
  0  0  0  0  0  0  0  0  0  0  0  0 89 76  0  0  0
  0  0  0  0 22  0  0  0  0  0 59  0 94 49  0  0  0
  0  0  0  0 33  0  0  0  0  0  0  0  0  0  0  0  0
  0  0 22 33  0  0  0  0  0  0  0  0  0  0  0  0 79
  0  0  0  0  0  0  0  0  0  0  0 24 62  0  0  0  0
  0  0  0  0  0  0  0 90  0  0  0  0  0  0  0  0  0
  0  0  0  0  0  0 90  0  0  0  0  0  0 57  0  0  0
  0  0  0  0  0  0  0  0  0  0  0  0 38  0 74  0  0
 94  0  0  0  0  0  0  0  0  0 19  0  0  0  0 61  0
  0  0 59  0  0  0  0  0  0 19  0  0  0  0 67  0  0
  0  0  0  0  0 24  0  0  0  0  0  0  0  0  0  0  0
  0 89 94  0  0 62  0  0 38  0  0  0  0  0  0  0  0
 92 76 49  0  0  0  0 57  0  0  0  0  0  0  0  0 92
  0  0  0  0  0  0  0  0 74  0 67  0  0  0  0  0  0
  0  0  0  0  0  0  0  0  0 61  0  0  0  0  0  0  0
  0  0  0  0 79  0  0  0  0  0  0  0  0 92  0  0  0
Вариант 11
 17   4  11
  0  0  0  0 44  0 73 96  0  0  0  0  0  0  0  0  0
  0  0 54  0  0  0  0 37  0  0  0  0  0  0  0  0  0
  0 54  0  0  0 89  0  0 29  0  0 69  0  0  0  0  0
  0  0  0  0  0 76  0  0  0  0  0  0  0  0  0  0  0
 44  0  0  0  0  0  0  0  0  0  0  0  0  0  0 23  0
  0  0 89 76  0  0 65  0  0  0  0  0  0  0  0  0  0
 73  0  0  0  0 65  0 61  0 86 93 98  0  0  0  0  0
 96 37  0  0  0  0 61  0  0  0  0  0  0  0 19  0  0
  0  0 29  0  0  0  0  0  0  0 82  0  0  0  0  0  0
  0  0  0  0  0  0 86  0  0  0  0  0 70  0  0  0  0
  0  0  0  0  0  0 93  0 82  0  0  0  0  0  0  0  0
  0  0 69  0  0  0 98  0  0  0  0  0 40 92  0  0  0
  0  0  0  0  0  0  0  0  0 70  0 40  0 11  0  0 52
  0  0  0  0  0  0  0  0  0  0  0 92 11  0  0 17  0
  0  0  0  0  0  0  0 19  0  0  0  0  0  0  0  0  0
  0  0  0  0 23  0  0  0  0  0  0  0  0 17  0  0  0
  0  0  0  0  0  0  0  0  0  0  0  0 52  0  0  0  0
Вариант 12
 17   6  16
  0  0  0  0  0  0  0  0  0 25  0  0  0  0  0  0  0
  0  0  0  0 96  0 13  0  0  0  0 20  0  0  0 66  0
  0  0  0  0  0  0  0  0  0  0  0  0 41  0  0 20  0
  0  0  0  0  0  0  0  0 58  0  0  0  0  0 31 61  0
  0 96  0  0  0  0  0  0  0  0  0  0  0  0  0  0  0
  0  0  0  0  0  0  0  0  0 72  0  0  0 81  0  0  0
  0 13  0  0  0  0  0 59  0  0  0  0  0  0  0  0  0
  0  0  0  0  0  0 59  0 13  0  0 77  0 38  0  0  0
  0  0  0 58  0  0  0 13  0 81 18  0  0 49  0  0  0
 25  0  0  0  0 72  0  0 81  0  0  0  0  0  0  0  0
  0  0  0  0  0  0  0  0 18  0  0  0  0  0  0  0  0
  0 20  0  0  0  0  0 77  0  0  0  0  0  0  0  0  0
  0  0 41  0  0  0  0  0  0  0  0  0  0 24  0  0  0
  0  0  0  0  0 81  0 38 49  0  0  0 24  0  0  0  0
  0  0  0 31  0  0  0  0  0  0  0  0  0  0  0  0  0
  0 66 20 61  0  0  0  0  0  0  0  0  0  0  0  0 14
  0  0  0  0  0  0  0  0  0  0  0  0  0  0  0 14  0
Вариант 13
 17   3   9
  0 20 48  0  0  0  0  0  0 82  0  0  0  0  0  0  0
 20  0  0  0 80  0  0  0  0  0  0 53 81  0 56  0  0
 48  0  0  0  0  0 31 53  0  0  0  0  0  0  0  0  0
  0  0  0  0 53  0  0  0  0  0  0  0  0  0  0 65 31
  0 80  0 53  0 19 35  0  0  0  0 22  0  0  0  0  0
  0  0  0  0 19  0  0 33  0  0  0  0  0  0  0  0  0
  0  0 31  0 35  0  0  0  0  0  0  0  0  0  0  0  0
  0  0 53  0  0 33  0  0  0  0  0  0  0  0  0 16  0
  0  0  0  0  0  0  0  0  0 15  0  0  0  0  0  0  0
 82  0  0  0  0  0  0  0 15  0 98 93  0  0  0  0  0
  0  0  0  0  0  0  0  0  0 98  0  0  0 39  0  0  0
  0 53  0  0 22  0  0  0  0 93  0  0  0  0  0  0 44
  0 81  0  0  0  0  0  0  0  0  0  0  0  0 71  0  0
  0  0  0  0  0  0  0  0  0  0 39  0  0  0  0 63  0
  0 56  0  0  0  0  0  0  0  0  0  0 71  0  0  0  0
  0  0  0 65  0  0  0 16  0  0  0  0  0 63  0  0  0
  0  0  0 31  0  0  0  0  0  0  0 44  0  0  0  0  0
Вариант 14
 17   7   9
  0  0  0  0  0  0  0  0  0  0 89  0  0  0  0  0 33
  0  0  0 96  0  0  0  0  0  0  0  0 88  0  0 22  0
  0  0  0  0  0  0  0  0  0  0 38  0  0 38  0 51  0
  0 96  0  0  0  0  0  0  0  0  0  0  0  0  0  0 35
  0  0  0  0  0 89  0  0  0  0  0  0 89  0 93  0  0
  0  0  0  0 89  0 84  0 70  0  0 87  0  0  0  0  0
  0  0  0  0  0 84  0  0  0  0  0  0  0 21  0  0  0
  0  0  0  0  0  0  0  0  0  0  0  0  0 57  0  0  0
  0  0  0  0  0 70  0  0  0  0  0 45  0  0  0  0 66
  0  0  0  0  0  0  0  0  0  0  0  0  0  0  0  0 31
 89  0 38  0  0  0  0  0  0  0  0  0  0  0 39  0  0
  0  0  0  0  0 87  0  0 45  0  0  0  0  0  0  0  0
  0 88  0  0 89  0  0  0  0  0  0  0  0  0  0  0  0
  0  0 38  0  0  0 21 57  0  0  0  0  0  0  0  0  0
  0  0  0  0 93  0  0  0  0  0 39  0  0  0  0  0 49
  0 22 51  0  0  0  0  0  0  0  0  0  0  0  0  0  0
 33  0  0 35  0  0  0  0 66 31  0  0  0  0 49  0  0
Вариант 15
 17   2   9
  0  0  0 88 81 74  0  0  0  0  0  0  0  0  0  0  0
  0  0  0  0  0  0  0  0  0  0  0  0  0  0  0 94  0
  0  0  0  0 40  0  0 40  0  0  0  0  0  0 93  0  0
 88  0  0  0 65  0 12  0  0  0  0  0  0  0  0  0  0
 81  0 40 65  0  0  0  0  0  0  0  0 56  0  0  0  0
 74  0  0  0  0  0  0  0 49  0 72  0  0  0  0  0 14
  0  0  0 12  0  0  0  0  0  0  0 68  0  0 44 92  0
  0  0 40  0  0  0  0  0  0  0  0  0  0  0  0  0  0
  0  0  0  0  0 49  0  0  0  0  0  0  0  0  0  0  0
  0  0  0  0  0  0  0  0  0  0  0 52  0  0 23 57  0
  0  0  0  0  0 72  0  0  0  0  0 37  0  0 30  0  0
  0  0  0  0  0  0 68  0  0 52 37  0  0  0  0  0  0
  0  0  0  0 56  0  0  0  0  0  0  0  0  0  0  0  0
  0  0  0  0  0  0  0  0  0  0  0  0  0  0  0  0 19
  0  0 93  0  0  0 44  0  0 23 30  0  0  0  0  0  0
  0 94  0  0  0  0 92  0  0 57  0  0  0  0  0  0 30
  0  0  0  0  0 14  0  0  0  0  0  0  0 19  0 30  0
Вариант 16
 17   2  13
  0  0  0  0 95  0  0  0  0  0  0 24  0  0 69  0  0
  0  0  0  0  0  0  0  0  0  0  0  0  0  0 63 61  0
  0  0  0  0  0  0  0 88  0 70  0  0  0 51  0  0 31
  0  0  0  0  0  0  0  0  0  0  0  0  0  0 78  0  0
 95  0  0  0  0 76  0  0 93  0  0  0  0  0 45  0  0
  0  0  0  0 76  0 53  0  0  0 14  0  0  0  0  0  0
  0  0  0  0  0 53  0  0  0  0 42 62  0 76  0  0  0
  0  0 88  0  0  0  0  0  0  0  0  0  0  0  0  0  0
  0  0  0  0 93  0  0  0  0 78  0  0  0  0  0  0  0
  0  0 70  0  0  0  0  0 78  0  0 91  0  0  0  0  0
  0  0  0  0  0 14 42  0  0  0  0  0 20  0  0  0  0
 24  0  0  0  0  0 62  0  0 91  0  0  0  0  0 96  0
  0  0  0  0  0  0  0  0  0  0 20  0  0  0  0  0  0
  0  0 51  0  0  0 76  0  0  0  0  0  0  0  0  0 24
 69 63  0 78 45  0  0  0  0  0  0  0  0  0  0  0  0
  0 61  0  0  0  0  0  0  0  0  0 96  0  0  0  0  0
  0  0 31  0  0  0  0  0  0  0  0  0  0 24  0  0  0
Вариант 17
 17   7  16
  0  0  0  0  0  0  0  0  0 80 65  0  0  0  0  0 60
  0  0  0  0  0  0  0  0  0  0  0  0  0  0  0 58  0
  0  0  0  0  0  0  0  0  0  0 55  0 78 99  0  0  0
  0  0  0  0  0  0  0  0  0  0 14  0  0  0 25  0  0
  0  0  0  0  0  0  0 23  0  0  0  0  0  0  0  0  0
  0  0  0  0  0  0  0 63  0  0  0  0  0  0  0  0 36
  0  0  0  0  0  0  0 83 41 59  0  0 38  0  0  0  0
  0  0  0  0 23 63 83  0 10  0  0  0  0  0  0  0  0
  0  0  0  0  0  0 41 10  0  0  0 98  0  0  0  0  0
 80  0  0  0  0  0 59  0  0  0  0  0  0  0  0  0  0
 65  0 55 14  0  0  0  0  0  0  0  0  0  0  0  0  0
  0  0  0  0  0  0  0  0 98  0  0  0 88  0  0  0  0
  0  0 78  0  0  0 38  0  0  0  0 88  0  0 69  0  0
  0  0 99  0  0  0  0  0  0  0  0  0  0  0  0 74 17
  0  0  0 25  0  0  0  0  0  0  0  0 69  0  0  0  0
  0 58  0  0  0  0  0  0  0  0  0  0  0 74  0  0 58
 60  0  0  0  0 36  0  0  0  0  0  0  0 17  0 58  0
Вариант 18
 17   1  10
  0  0 90  0 81  0  0  0  0  0 92  0  0  0  0  0  0
  0  0  0  0  0  0  0  0 93  0  0  0  0 40  0  0  0
 90  0  0  0  0  0 72  0 85  0  0  0 90  0  0  0  0
  0  0  0  0 74  0  0  0  0  0  0  0  0  0 37  0  0
 81  0  0 74  0  0  0  0  0  0  0  0  0  0  0  0  0
  0  0  0  0  0  0 49  0  0  0 20  0  0 70 68 28  0
  0  0 72  0  0 49  0  0  0  0  0  0  0 89  0  0  0
  0  0  0  0  0  0  0  0  0 99  0  0  0  0 53  0 30
  0 93 85  0  0  0  0  0  0  0  0 52  0  0  0  0  0
  0  0  0  0  0  0  0 99  0  0  0  0  0 88  0  0  0
 92  0  0  0  0 20  0  0  0  0  0  0  0  0  0  0 59
  0  0  0  0  0  0  0  0 52  0  0  0  0  0  0  0  0
  0  0 90  0  0  0  0  0  0  0  0  0  0  0 55  0 64
  0 40  0  0  0 70 89  0  0 88  0  0  0  0  0  0  0
  0  0  0 37  0 68  0 53  0  0  0  0 55  0  0  0  0
  0  0  0  0  0 28  0  0  0  0  0  0  0  0  0  0  0
  0  0  0  0  0  0  0 30  0  0 59  0 64  0  0  0  0
Вариант 19
 17   7  15
  0 50  0  0  0  0  0  0  0  0  0  0  0  0  0  0  0
 50  0 77  0 69  0 18  0  0  0  0  0  0  0  0  0  0
  0 77  0  0  0  0  0  0  0 64  0  0  0  0  0  0 38
  0  0  0  0 66  0 91  0 83  0 76 68  0 23 61 17 63
  0 69  0 66  0  0  0 65  0  0  0  0  0  0  0  0  0
  0  0  0  0  0  0  0  0  0 63  0  0  0  0  0  0  0
  0 18  0 91  0  0  0  0  0 73  0  0  0  0  0  0  0
  0  0  0  0 65  0  0  0  0  0  0  0  0  0  0  0  0
  0  0  0 83  0  0  0  0  0  0  0  0 77  0 47  0  0
  0  0 64  0  0 63 73  0  0  0  0  0  0  0 40  0  0
  0  0  0 76  0  0  0  0  0  0  0  0  0  0  0  0  0
  0  0  0 68  0  0  0  0  0  0  0  0  0  0  0  0  0
  0  0  0  0  0  0  0  0 77  0  0  0  0  0  0 52  0
  0  0  0 23  0  0  0  0  0  0  0  0  0  0  0  0  0
  0  0  0 61  0  0  0  0 47 40  0  0  0  0  0 13  0
  0  0  0 17  0  0  0  0  0  0  0  0 52  0 13  0  0
  0  0 38 63  0  0  0  0  0  0  0  0  0  0  0  0  0
Вариант 20
 17   6  12
  0  0  0 46  0  0  0  0  0  0  0  0  0 48  0  0  0
  0  0  0  0  0 71  0  0  0  0 42  0  0  0  0  0  0
  0  0  0  0  0  0  0  0  0  0 58  0  0  0  0  0 52
 46  0  0  0  0  0  0  0  0  0  0  0 32  0  0  0  0
  0  0  0  0  0  0  0  0 38 11 67  0  0  0  0  0  0
  0 71  0  0  0  0 62  0  0  0  0  0  0  0  0 18 31
  0  0  0  0  0 62  0  0  0  0  0  0  0  0  0 21  0
  0  0  0  0  0  0  0  0  0  0 16 52 92  0  0 97 35
  0  0  0  0 38  0  0  0  0  0 85  0  0  0  0  0  0
  0  0  0  0 11  0  0  0  0  0  0  0 95 84 82  0  0
  0 42 58  0 67  0  0 16 85  0  0  0  0  0  0  0  0
  0  0  0  0  0  0  0 52  0  0  0  0  0 62  0  0  0
  0  0  0 32  0  0  0 92  0 95  0  0  0  0  0  0  0
 48  0  0  0  0  0  0  0  0 84  0 62  0  0  0 59  0
  0  0  0  0  0  0  0  0  0 82  0  0  0  0  0  0  0
  0  0  0  0  0 18 21 97  0  0  0  0  0 59  0  0  0
  0  0 52  0  0 31  0 35  0  0  0  0  0  0  0  0  0
Вариант 21
 17   5  15
  0 95  0  0 86  0  0  0  0  0 19  0  0 51  0  0  0
 95  0  0  0  0  0  0  0  0  0  0  0 70  0  0  0  0
  0  0  0  0 74  0  0  0 77  0  0  0  0  0  0  0  0
  0  0  0  0  0  0  0  0  0  0  0  0  0  0 45  0 26
 86  0 74  0  0  0  0  0  0  0  0  0  0  0 10  0 10
  0  0  0  0  0  0  0 87  0  0  0  0  0  0  0 95  0
  0  0  0  0  0  0  0 77  0  0  0  0  0  0  0  0  0
  0  0  0  0  0 87 77  0  0 41  0  0  0  0  0 64  0
  0  0 77  0  0  0  0  0  0  0  0  0  0  0  0 79  0
  0  0  0  0  0  0  0 41  0  0  0  0  0  0 73  0  0
 19  0  0  0  0  0  0  0  0  0  0 70  0  0  0  0  0
  0  0  0  0  0  0  0  0  0  0 70  0  0  0 43  0  0
  0 70  0  0  0  0  0  0  0  0  0  0  0  0  0  0  0
 51  0  0  0  0  0  0  0  0  0  0  0  0  0  0  0  0
  0  0  0 45 10  0  0  0  0 73  0 43  0  0  0  0 39
  0  0  0  0  0 95  0 64 79  0  0  0  0  0  0  0  0
  0  0  0 26 10  0  0  0  0  0  0  0  0  0 39  0  0
Вариант 22
 17   3   9
  0  0  0 10  0  0  0  0  0  0  0  0  0  0  0  0  0
  0  0 19  0  0  0  0  0 86 31  0 60  0  0  0  0  0
  0 19  0  0  0  0  0  0  0  0  0  0  0  0  0  0 21
 10  0  0  0 85  0  0  0  0  0  0 66  0  0 97  0  0
  0  0  0 85  0  0  0  0 99  0  0  0  0  0  0  0  0
  0  0  0  0  0  0  0  0  0  0 43  0 99  0  0  0  0
  0  0  0  0  0  0  0  0  0  0  0 73  0  0  0 54 95
  0  0  0  0  0  0  0  0  0  0  0  0  0 62 12  0  0
  0 86  0  0 99  0  0  0  0  0  0  0  0  0  0  0  0
  0 31  0  0  0  0  0  0  0  0  0  0  0  0  0  0  0
  0  0  0  0  0 43  0  0  0  0  0 48  0 72  0  0 40
  0 60  0 66  0  0 73  0  0  0 48  0  0  0  0  0  0
  0  0  0  0  0 99  0  0  0  0  0  0  0  0 70  0 49
  0  0  0  0  0  0  0 62  0  0 72  0  0  0  0 32 50
  0  0  0 97  0  0  0 12  0  0  0  0 70  0  0  0  0
  0  0  0  0  0  0 54  0  0  0  0  0  0 32  0  0  0
  0  0 21  0  0  0 95  0  0  0 40  0 49 50  0  0  0
Вариант 23
 17   8  12
  0  0  0  0  0  0  0  0  0  0  0  0  0 25  0 64  0
  0  0  0  0  0  0  0  0  0  0  0  0  0  0 93 57  0
  0  0  0  0  0  0  0  0  0 18  0  0  0  0  0  0 19
  0  0  0  0  0  0  0  0  0  0  0  0  0 57  0  0  0
  0  0  0  0  0  0  0  0 18  0  0 62  0 46 17  0  0
  0  0  0  0  0  0  0 76  0  0  0 20  0  0  0  0  0
  0  0  0  0  0  0  0  0  0  0  0 19 96  0  0  0  0
  0  0  0  0  0 76  0  0  0  0 47  0  0  0  0  0  0
  0  0  0  0 18  0  0  0  0  0 48  0  0  0 45  0  0
  0  0 18  0  0  0  0  0  0  0  0  0  0  0  0  0  0
  0  0  0  0  0  0  0 47 48  0  0  0  0  0  0  0  0
  0  0  0  0 62 20 19  0  0  0  0  0 37  0  0  0  0
  0  0  0  0  0  0 96  0  0  0  0 37  0 83 81  0  0
 25  0  0 57 46  0  0  0  0  0  0  0 83  0  0  0  0
  0 93  0  0 17  0  0  0 45  0  0  0 81  0  0  0 48
 64 57  0  0  0  0  0  0  0  0  0  0  0  0  0  0 77
  0  0 19  0  0  0  0  0  0  0  0  0  0  0 48 77  0
Вариант 24
 17   2  10
  0  0  0  0  0  0  0  0  0 40  0  0  0  0 88  0  0
  0  0  0  0 34  0  0 26  0  0  0 38  0  0  0  0 79
  0  0  0 14  0  0  0  0 33  0  0  0 77 30  0  0  0
  0  0 14  0  0  0  0  0  0  0  0  0  0  0 24 46  0
  0 34  0  0  0  0  0  0  0  0 88  0 44 30  0  0  0
  0  0  0  0  0  0 80  0  0  0  0  0  0  0  0  0 69
  0  0  0  0  0 80  0  0  0  0  0  0  0  0 86  0  0
  0 26  0  0  0  0  0  0  0  0 42  0  0  0  0  0  0
  0  0 33  0  0  0  0  0  0 68  0  0  0  0  0  0  0
 40  0  0  0  0  0  0  0 68  0  0  0  0  0  0 42  0
  0  0  0  0 88  0  0 42  0  0  0  0  0  0  0  0  0
  0 38  0  0  0  0  0  0  0  0  0  0  0  0  0 87  0
  0  0 77  0 44  0  0  0  0  0  0  0  0 57  0  0  0
  0  0 30  0 30  0  0  0  0  0  0  0 57  0  0  0  0
 88  0  0 24  0  0 86  0  0  0  0  0  0  0  0  0  0
  0  0  0 46  0  0  0  0  0 42  0 87  0  0  0  0  0
  0 79  0  0  0 69  0  0  0  0  0  0  0  0  0  0  0
Вариант 25
 17   7  12
  0  0  0  0 65  0 61  0  0  0  0 58  0  0  0  0  0
  0  0 77 35  0  0  0  0  0  0  0  0  0 86  0  0  0
  0 77  0  0  0  0  0  0  0  0  0  0  0  0  0  0  0
  0 35  0  0  0  0  0 17  0  0  0  0  0  0 17  0  0
 65  0  0  0  0  0  0  0 84  0  0  0 32  0  0  0 42
  0  0  0  0  0  0 42  0 59  0 40  0  0  0  0  0  0
 61  0  0  0  0 42  0  0  0  0  0  0  0  0 44  0  0
  0  0  0 17  0  0  0  0  0  0  0  0  0  0  0 28  0
  0  0  0  0 84 59  0  0  0  0  0 92  0  0  0  0  0
  0  0  0  0  0  0  0  0  0  0 87  0  0  0  0  0  0
  0  0  0  0  0 40  0  0  0 87  0  0  0 71  0  0  0
 58  0  0  0  0  0  0  0 92  0  0  0  0  0  0  0  0
  0  0  0  0 32  0  0  0  0  0  0  0  0  0  0  0  0
  0 86  0  0  0  0  0  0  0  0 71  0  0  0  0  0  0
  0  0  0 17  0  0 44  0  0  0  0  0  0  0  0  0 99
  0  0  0  0  0  0  0 28  0  0  0  0  0  0  0  0  0
  0  0  0  0 42  0  0  0  0  0  0  0  0  0 99  0  0
Вариант 26
 17   4   9
  0  0  0  0  0  0  0  0  0  0  0  0  0  0  0  0 28
  0  0  0  0  0  0 21  0  0  0 52  0  0  0 85  0  0
  0  0  0  0  0  0  0  0  0 94  0  0  0  0  0  0  0
  0  0  0  0  0 17  0  0 18  0  0  0  0  0  0  0  0
  0  0  0  0  0  0  0 43 68  0  0  0 71  0 69  0  0
  0  0  0 17  0  0  0  0  0  0 12  0  0  0 50  0 62
  0 21  0  0  0  0  0  0  0  0  0  0  0  0  0  0  0
  0  0  0  0 43  0  0  0  0  0  0  0  0  0  0  0 48
  0  0  0 18 68  0  0  0  0  0 42  0 35  0  0  0  0
  0  0 94  0  0  0  0  0  0  0  0  0  0  0  0  0 44
  0 52  0  0  0 12  0  0 42  0  0  0  0  0  0  0  0
  0  0  0  0  0  0  0  0  0  0  0  0 41  0  0  0  0
  0  0  0  0 71  0  0  0 35  0  0 41  0 83  0  0  0
  0  0  0  0  0  0  0  0  0  0  0  0 83  0  0 85 90
  0 85  0  0 69 50  0  0  0  0  0  0  0  0  0  0  0
  0  0  0  0  0  0  0  0  0  0  0  0  0 85  0  0  0
 28  0  0  0  0 62  0 48  0 44  0  0  0 90  0  0  0
Вариант 27
 17   5  13
  0  0  0  0  0 34  0  0  0  0  0  0  0  0 86 85  0
  0  0  0  0  0  0 13  0  0  0 76 29  0  0  0  0  0
  0  0  0  0 90  0  0  0  0  0 46  0  0 14  0  0  0
  0  0  0  0  0 45 99  0  0  0  0  0  0  0  0  0  0
  0  0 90  0  0  0 81  0  0  0  0  0  0  0  0  0  0
 34  0  0 45  0  0  0  0  0 99  0  0  0 18 85  0  0
  0 13  0 99 81  0  0  0  0  0  0 19  0 38  0  0  0
  0  0  0  0  0  0  0  0  0 10  0  0  0  0  0  0 64
  0  0  0  0  0  0  0  0  0  0  0  0 88  0  0  0  0
  0  0  0  0  0 99  0 10  0  0  0  0  0  0 35  0  0
  0 76 46  0  0  0  0  0  0  0  0  0  0  0  0  0 69
  0 29  0  0  0  0 19  0  0  0  0  0  0  0  0  0  0
  0  0  0  0  0  0  0  0 88  0  0  0  0  0  0  0 72
  0  0 14  0  0 18 38  0  0  0  0  0  0  0 93  0  0
 86  0  0  0  0 85  0  0  0 35  0  0  0 93  0  0  0
 85  0  0  0  0  0  0  0  0  0  0  0  0  0  0  0  0
  0  0  0  0  0  0  0 64  0  0 69  0 72  0  0  0  0
Вариант 28
 17   5  16
  0  0  0  0  0 42  0  0  0  0  0  0  0  0  0  0  0
  0  0  0  0  0 70 83  0  0  0  0 42 41  0  0  0  0
  0  0  0  0 74  0  0  0  0  0 49  0  0  0  0  0  0
  0  0  0  0  0  0  0 18  0  0 57  0  0  0  0  0  0
  0  0 74  0  0  0  0  0  0  0  0  0  0  0  0  0 56
 42 70  0  0  0  0  0  0  0  0  0  0  0  0  0 47  0
  0 83  0  0  0  0  0  0  0  0  0  0  0  0  0  0  0
  0  0  0 18  0  0  0  0  0 14 21 63  0  0  0  0  0
  0  0  0  0  0  0  0  0  0  0 44 30  0  0 11  0  0
  0  0  0  0  0  0  0 14  0  0  0  0  0  0  0  0  0
  0  0 49 57  0  0  0 21 44  0  0  0  0 93  0  0 52
  0 42  0  0  0  0  0 63 30  0  0  0  0  0  0  0  0
  0 41  0  0  0  0  0  0  0  0  0  0  0 70  0  0 19
  0  0  0  0  0  0  0  0  0  0 93  0 70  0 78  0  0
  0  0  0  0  0  0  0  0 11  0  0  0  0 78  0  0  0
  0  0  0  0  0 47  0  0  0  0  0  0  0  0  0  0  0
  0  0  0  0 56  0  0  0  0  0 52  0 19  0  0  0  0
Вариант 29
 17   2  17
  0  0 53  0  0  0  0  0  0  0  0  0  0 44 64  0  0
  0  0 38  0 89  0  0  0  0  0 17  0  0  0  0  0  0
 53 38  0  0  0  0  0  0  0  0  0  0  0  0  0  0 61
  0  0  0  0 57  0  0  0  0  0  0  0  0 23  0  0  0
  0 89  0 57  0  0 88  0  0 37  0  0  0  0  0  0  0
  0  0  0  0  0  0 21  0  0  0  0 35  0  0  0  0  0
  0  0  0  0 88 21  0 42  0  0 20  0  0  0  0  0  0
  0  0  0  0  0  0 42  0  0  0 82  0 49  0 60  0  0
  0  0  0  0  0  0  0  0  0  0 77  0  0  0  0  0 28
  0  0  0  0 37  0  0  0  0  0  0  0  0 36  0  0  0
  0 17  0  0  0  0 20 82 77  0  0  0  0  0  0  0  0
  0  0  0  0  0 35  0  0  0  0  0  0  0  0  0  0 82
  0  0  0  0  0  0  0 49  0  0  0  0  0  0  0 38  0
 44  0  0 23  0  0  0  0  0 36  0  0  0  0  0  0  0
 64  0  0  0  0  0  0 60  0  0  0  0  0  0  0  0  0
  0  0  0  0  0  0  0  0  0  0  0  0 38  0  0  0  0
  0  0 61  0  0  0  0  0 28  0  0 82  0  0  0  0  0
Вариант 30
 17   8  12
  0  0  0  0  0 95  0  0  0  0  0 38  0  0  0 48  0
  0  0  0 15  0  0  0  0  0  0 58  0  0  0  0  0  0
  0  0  0  0  0 11 13 13  0  0  0  0  0 63  0  0  0
  0 15  0  0  0  0  0  0  0  0  0  0  0 98  0  0 69
  0  0  0  0  0  0  0  0  0  0  0  0  0 64  0  0  0
 95  0 11  0  0  0  0  0 93  0  0  0 12  0  0  0  0
  0  0 13  0  0  0  0 97  0  0  0  0  0  0 42  0  0
  0  0 13  0  0  0 97  0  0  0  0  0  0  0  0  0  0
  0  0  0  0  0 93  0  0  0 74  0  0  0  0  0  0  0
  0  0  0  0  0  0  0  0 74  0  0  0 80  0  0  0  0
  0 58  0  0  0  0  0  0  0  0  0  0  0  0  0  0  0
 38  0  0  0  0  0  0  0  0  0  0  0  0  0 88  0  0
  0  0  0  0  0 12  0  0  0 80  0  0  0  0  0  0  0
  0  0 63 98 64  0  0  0  0  0  0  0  0  0  0  0  0
  0  0  0  0  0  0 42  0  0  0  0 88  0  0  0  0  0
 48  0  0  0  0  0  0  0  0  0  0  0  0  0  0  0  0
  0  0  0 69  0  0  0  0  0  0  0  0  0  0  0  0  0
